1
74.287312
54.906870
24.606866
221.332046
1
74.287312
54.906870
24.606866
221.332046
1
74.287312
10.906870
24.606866
221.332046
1
74.287312
54.906870
12.606866
221.332046
1
74.287312
44.906870
24.606866
221.332046
1
78.287312
12.906870
24.606866
221.332046
1
123.287312
54.906870
12.606866
221.332046
1
74.287312
54.906870
24.606866
221.332046
1
74.287312
54.906870
24.606866
221.332046
1
74.287312
54.906870
24.606866
221.332046
1
74.287312
54.906870
24.606866
221.332046
1
74.287312
54.906870
24.606866
221.332046
1
74.287312
54.906870
24.606866
221.332046
1
74.287312
54.906870
24.606866
221.332046
1
74.287312
54.906870
24.606866
221.332046
1
74.287312
54.906870
24.606866
221.332046