1
77.724759
50.678215
59.038625
50.235437
165.805651
94.004415
94.004415
30.116873
0
76.475850
40.324975
60.138857
17.755312
158.974907
91.921286
91.921286
13.028863
1
75.944385
53.532012
53.724538
22.429008
219.476708
97.125564
97.125563
15.307800
0
75.110521
51.818916
60.138800
21.426438
174.492705
92.914423
92.914420
12.941531
1
74.559458
40.534682
39.354956
37.067980
562.269034
105.002654
105.002655
28.727832
1
74.564955
53.777517
59.739741
21.371146
167.493482
93.747091
93.747091
12.879379
0
81.131225
32.157275
55.976463
20.888471
166.246177
94.992468
94.992469
19.385178
0
84.137928
33.547021
59.831125
10.232054
136.269865
96.794083
96.794083
9.419174
0
84.858602
33.462883
51.401371
11.011293
181.474414
93.277601
93.277601
11.973879
0
74.792343
56.019347
60.138905
21.989987
174.910422
96.217857
96.217860
12.822855
1
75.117462
55.698475
58.055697
20.266276
165.243643
96.142178
96.142178
12.589276
1
78.031145
53.859864
52.172521
18.977534
190.870767
95.805867
95.805866
13.599565
0
80.709643
50.951327
43.312583
14.538100
198.006106
94.872206
94.872206
11.830229
0
74.581091
46.648120
60.138834
20.356332
159.134046
92.994972
92.994971
12.989068
1
72.623177
52.908797
54.548627
29.584131
255.663214
97.931158
97.931156
18.837180
1
76.157923
55.748434
58.077224
20.713253
172.764012
95.392457
95.392455
12.923264
